0.16
0.32
0.32
0.32
0.4
0.48
0.56
0.64
0.72
0.72
0.8
0.8
0.88
0.88
0.96
1.12
1.2
1.28
1.28
1.28
1.36
1.36
1.44
1.44
1.44
1.52
1.6
1.6
1.68
1.76
1.76
1.84
1.92
2
2
2
2.24
2.24
2.24
2.24
2.32
2.32
2.32
2.4
2.48
2.56
2.72
2.72
2.72
2.88
2.96
3.04
3.04
3.04
3.12
3.12
3.12
3.2
3.28
3.28
3.28
3.44
3.6
3.68
4
4
4
4
4.08
4.08
4.24
4.24
4.32
4.32
4.48
4.64
4.64
5.04
5.12
5.12
5.36
5.52
6.4
6.48
6.72
6.8
7.04
7.12
7.2
7.36
7.44
7.44
7.52
7.6
8
8.08
8.16
8.4
8.48
8.64
8.88
8.88
9.44
9.6
9.84
9.92
9.92
10.64
10.8
11.36
11.84
13.52
14.56
18.64
19.44
20.64
26.16
30.64
42.88