43.88
44.18
44.3
44.52
45.66
46.1
46.98
47.16
47.21
47.81
48.5
48.58
48.68
48.82
48.96
49.22
49.41
49.53
49.57
49.76
49.92
50.09
50.15
50.35
50.38
50.54
50.58
50.61
50.69
50.9
51.05
51.08
51.17
51.2
51.26
51.32
51.35
51.41
51.49
51.63
51.68
51.71
51.72
51.79
51.93
51.97
52.04
52.17
52.33
52.39
52.4
52.5
52.53
52.56
52.82
53.06
53.08
53.12
53.21
53.23
53.29
53.38
53.49
53.67
53.83
54.05
54.07
54.09
54.13
54.17
54.22
54.32
54.43
54.6
54.81
54.84
54.97
55.02
55.06
55.25
55.41
55.56
55.7
55.91
55.94
55.97
56.03
56.07
56.07
56.34
56.37
56.4
56.47
56.7
56.87
56.92
57
57.06
57.11
57.19
57.26
57.32
57.35
57.38
57.4
57.5
57.56
57.98
58.08
58.4
58.65
59.1
59.11
59.3
59.31
59.6
60.53
61.19
61.78